Title:
Authors:
Table:
================================================================================
Byte-by-byte Description of file: datafile.txt
--------------------------------------------------------------------------------
   Bytes Format Units Label   Explanations
--------------------------------------------------------------------------------
   1-  8 A8     --      Name    Molonglo Reference Catalog (MRC) Name
  10- 17 F8.4   deg     RAdeg   J2000 RA in MRC
  19- 26 F8.4   deg     DEdeg   J2000 Dec in MRC
  28- 34 F7.2   Jy      S125    beamformed flux at 125 MHz
  36- 41 F6.3   Jy      RMS125  rms within 10MHz channel
  43- 49 F7.2   Jy      S135    beamformed flux at 135 MHz
  51- 56 F6.3   Jy      RMS135  rms within 10MHz channel
  58- 64 F7.2   Jy      S145    beamformed flux at 145 MHz
  66- 71 F6.3   Jy      RMS145  rms within 10MHz channel
  73- 79 F7.2   Jy      S155    beamformed flux at 155 MHz
  81- 86 F6.3   Jy      RMS155  rms within 10MHz channel
  88- 94 F7.2   Jy      S165    beamformed flux at 165 MHz
  96-101 F6.3   Jy      RMS165  rms within 10MHz channel
--------------------------------------------------------------------------------
Note (1):   ***ADD LENGTHY NOTES HERE***
Note (2):   ***OR REMOVE THIS SECTION***
--------------------------------------------------------------------------------
0003-428   1.6716 -42.5043   15.00  1.548   13.47  0.750   13.04  1.398   12.92  1.141   10.43  0.878 
0007-446   2.7890 -44.3095   23.54  1.716   21.21  1.682   20.27  0.815   18.77  0.937   17.64  1.191 
0039-445  10.6908 -44.1632   32.00  1.876   30.33  2.022   28.58  1.221   26.04  1.102   24.09  0.582 
0043-424  11.7191 -42.0559   51.97  2.525   47.50  1.994   45.89  1.159   42.80  1.587   40.74  1.282 
0048-447  12.8644 -44.4071   17.89  1.987   16.04  1.757   15.17  1.961   14.53  1.037   12.53  1.195 
0049-433  13.2099 -43.0359   23.56  1.675   21.03  0.856   21.97  1.668   20.23  1.243   18.88  1.445 
0103-453  16.4785 -45.0227   35.55  2.087   32.66  2.488   30.90  1.413   28.25  1.544   27.24  0.641 
0201-440  31.0479 -43.7705   16.24  3.871   15.04  1.240   13.75  1.219   12.80  0.817   14.09  1.197 
0438-436  70.1732 -43.5332    8.45  2.222    6.27  1.719    8.06  1.328    5.75  1.879    9.01  1.433 
0511-484  78.3006 -48.3912   30.10  1.845   23.29  1.387   30.68  2.256   29.38  3.124   23.11  1.749 
0534-497  84.1403 -49.7389   20.85  1.715   17.29  1.567   17.64  2.770   19.96  3.064   14.68  2.456 
0546-445  87.0074 -44.5240   12.09  2.210   16.88  1.733   11.98  3.467   11.24  2.028    8.88  1.295 
0547-408  87.4572 -40.8574   21.83  2.999   13.49  2.307   19.52  2.528   12.60  1.298   14.94  3.353 
0647-475 102.2961 -47.5969    2.61  3.885    1.46  1.944    3.36  1.723    2.72  1.705    4.45  2.218 
0700-473 105.6355 -47.4691   15.53  2.099   11.59  2.996   12.36  2.305    9.24  2.389   11.17  2.587 
0704-427 106.5839 -42.8419   12.78  2.490   13.43  3.013   12.73  1.142   11.64  2.648    7.99  1.550 
0748-440 117.5378 -44.2506   19.35  4.431   17.87  4.226   15.96  3.987   15.24  3.071   13.42  1.776 
0748-454 117.5154 -45.6525    9.35  4.022    4.59  2.233    7.52  1.853    7.58  2.521    7.24  2.949 
0809-492 122.7812 -49.4509   13.14  3.478   11.78  3.682   11.63  2.471   12.36  3.355   14.04  2.462 
0819-474 125.3017 -47.6517    7.42  1.984    9.87  2.869    8.68  3.394    6.67  2.038    9.70  2.912 
1017-421 155.0854 -42.4872    5.13  4.592    8.04  5.892    4.46  7.125    4.50  7.734    4.96  7.284 
1017-426 155.1663 -42.9305   20.01  5.531   17.32  5.360   15.25  5.137   15.96  7.600   13.87  9.381 
1046-409 162.3191 -41.3072   11.42 10.229    8.37  9.044   10.86 16.061    3.80  7.427   11.79 10.186 
1116-462 169.7818 -46.6482   10.06 10.242   23.65 27.290   27.46 20.929    5.98 12.994   18.84 22.382 
1143-483 176.5570 -48.6786   37.71 16.599   26.90 17.933   19.77 13.576   37.43 10.024   19.64 13.110 
1215-457 184.7140 -46.0850   19.14 14.680   29.05  6.556   41.20  9.873   13.88 11.771   30.21 21.512 
1221-423 186.1199 -42.6692   15.78 16.669   28.78 22.485   21.58 36.943   33.73 12.038   28.70 22.654 
1232-416 189.1158 -41.9647    9.68  8.043   19.76 15.470   10.37 10.730   17.01 10.899   22.29 15.941 
1246-410 192.4013 -41.3861    3.78 15.616   40.61 21.029   58.87 17.706   35.36 16.608   80.64 10.176 
1302-491 196.5720 -49.5384   21.43  6.249   32.29 11.714   34.94  9.132   34.54 13.027   48.51 18.828 
1320-446 200.9771 -44.9466   88.02  3.491   81.74  3.207   71.82  4.816   68.61  4.093   56.51  4.667 
1355-416 209.9646 -41.9454   33.19  2.929   47.15  9.314   54.71  5.900   54.98  2.536   41.55 11.242 
1358-493 210.6084 -49.6064   12.10 13.431   25.12  4.932   12.16  3.328   24.07 14.569   15.05  6.997 
1407-425 212.8386 -42.8439   10.40 11.306   42.84 10.825   14.17  9.686   19.17  4.257   23.76  6.256 
1416-493 215.2475 -49.6560   25.69  4.520   19.49  2.926   23.38  8.355   19.91  4.988   27.52 11.280 
1421-490 216.3684 -49.2897   22.29  7.161   14.68  7.088   26.32  9.645   16.29  4.907   23.09 11.043 
1424-418 217.2049 -42.1642   10.00  3.361   22.04  7.327   10.01  8.219   19.93  5.884   18.05  8.944 
1445-468 222.3543 -47.0827   16.81  6.492   20.43  7.578   19.86  6.274   15.36  5.882   18.36  4.211 
1459-417 225.9206 -41.9966   34.96  9.079   27.52  6.460   24.47  6.829   22.87  6.842   21.69  9.051 
1526-423 232.7932 -42.5736   61.86  5.118   58.32  8.400   59.96  6.746   55.85  7.414   57.36  3.821 
1552-433 239.1877 -43.5132   12.57  4.481    6.63  4.867   10.46  2.430   12.59  5.742    8.04  3.225 
1556-466 240.3288 -46.8533   21.40  6.119   18.81  3.721   21.64  4.897   23.45  6.285   21.77  3.862 
1616-457 245.2085 -45.8807    8.21  4.652   11.86  3.797   10.42  3.675   14.23  4.253   12.79  3.570 
1618-430 245.7544 -43.1661   21.61  2.776   19.97  5.191   21.05  3.098   19.51  2.799   17.55  4.405 
1633-409 249.4694 -41.0566    4.90  7.713    7.68  4.321   13.47  4.751   10.93  7.335   14.65  4.876 
1839-487 281.0704 -48.5927   20.20  2.406   19.72  2.782   19.29  3.447   19.82  4.017   18.81  2.056 
1840-404 281.3537 -40.3489   18.24  4.571   20.07  3.013   17.33  1.751   19.92  2.247   22.91  3.079 
1932-464 294.2298 -46.3114   86.70  4.833   84.62  3.677   84.03  2.859   85.53  2.238   87.64  2.604 
1940-406 296.1959 -40.4671   17.40  2.762   14.67  4.175   14.78  3.181   15.13  2.343   14.58  2.602 
1953-425 299.5428 -42.3321   18.07  4.232   17.58  3.336   18.25  4.472   18.01  3.345   19.03  2.428 
2140-434 326.0948 -43.1495   22.07  2.389   19.58  1.701   19.80  1.246   18.81  2.251   18.23  2.375 
2213-456 334.4307 -45.2946    4.46  0.873    5.70  1.511    5.95  1.576    4.61  1.812    6.58  1.759 
2226-411 337.5180 -40.7888   14.10  2.179   12.73  1.751   12.78  2.171   13.12  1.881   11.91  2.053 
2250-412 343.4481 -40.8912   33.57  1.309   32.30  1.785   31.47  1.407   28.85  1.543   27.92  1.125 
2323-407 351.8151 -40.3810   18.84  1.433   17.04  1.188   15.97  1.372   15.24  0.925   15.20  1.248 
2331-416 353.7808 -41.3479   39.30  1.631   36.79  1.657   34.65  1.060   33.16  0.977   31.58  0.687 
cen      201.5399 -43.0801 2010.62 25.733 2039.84 35.515 2119.95 40.824 2073.95 21.207 2041.66 33.237 
pic       80.0967 -45.7878  459.89 15.294  417.18 14.785  397.74  8.896  375.68  6.360  360.23  5.430 
vela     125.8000 -43.0448   87.05  8.914   65.08  7.261   50.56  6.161   37.90  2.709   30.60  2.843 
