#using gain tracefile  2250-412_2331-416_2140-434_0007-446_0704-427_gain_mcmc_chain.npz
#gain [dB] -0.17,-0.01,0.11
#gain [x] 0.96,1.0,1.03
#gain error [mult,%] 3.24193270049
#GAIN MODEL: 0.998575308977 +/- [ 0.03241933  0.03241933  0.03241933  0.03241933  0.03241933]
#loading specfind subset cache:  specfind_psa64_pic_stripe_perleycorr.vot
#Auto-detected table type: vo
#Name Flux_limits SI_limits Catalog_Flux_limits Catalog_SI_limits
0003-428 11.06,11.61,12.13 -0.85,-0.81,-0.78 9.54,10.32,11.06 -0.79,-0.73,-0.68 1.23 0.83 0.41 0.26 0.1064 82.0
0007-446 18.01,18.74,19.4 -1.03,-1.0,-0.97 15.75,16.98,18.27 -0.99,-0.93,-0.88 1.33 0.77 0.56 0.33 0.1851 76.0
#0008-421 4.22,6.51,9.43 -0.35,-0.11,0.11 6.05,9.63,14.68 -0.58,-0.32,-0.09 1.41 0.9 0.51 0.51 0.2593 114.0
0039-445 25.57,26.77,27.73 -1.03,-0.92,-0.81 17.81,22.71,28.0 -0.99,-0.79,-0.61 1.67 0.34 1.32 0.55 0.7325 80.0
0043-424 41.96,43.6,44.89 -0.9,-0.79,-0.69 31.34,36.16,41.29 -0.83,-0.69,-0.57 1.05 0.28 0.77 0.33 0.2527 98.0
0048-447 12.53,13.21,13.81 -1.02,-0.98,-0.94 10.71,11.58,12.46 -0.94,-0.89,-0.84 1.18 0.88 0.29 0.2 0.0596 84.0
0049-433 19.38,20.16,20.91 -1.0,-0.97,-0.94 19.04,20.54,22.1 -1.04,-0.98,-0.93 1.04 0.54 0.5 0.59 0.2988 92.0
0103-453 27.71,28.9,30.0 -1.28,-1.16,-1.06 18.93,21.76,24.78 -1.17,-1.04,-0.92 0.84 0.32 0.52 0.01 0.007 110.0
0201-440 12.76,13.72,14.55 -0.83,-0.71,-0.6 5.49,10.31,18.58 -0.95,-0.51,-0.11 5.56 0.96 4.59 0.51 2.3481 42.0
0438-436 7.33,8.08,8.81 -0.28,-0.19,-0.11 7.3,8.32,9.48 -0.31,-0.21,-0.11 0.36 0.26 0.1 0.58 0.0595 134.0
0511-484 22.9,24.92,26.07 -1.25,-1.14,-1.07 8.55,17.3,29.96 -1.34,-0.93,-0.57 6.25 1.04 5.21 0.51 2.6709 36.0
0534-497 15.88,17.1,18.22 -1.02,-0.9,-0.8 7.2,15.27,26.88 -1.28,-0.83,-0.41 5.56 0.93 4.62 0.57 2.6256 40.0
0546-445 12.13,13.08,14.07 -1.15,-1.03,-0.93 13.02,15.0,17.08 -1.23,-1.1,-0.98 0.48 0.26 0.22 0.46 0.1024 130.0
0547-408 14.81,15.93,17.07 -0.94,-0.83,-0.73 14.89,16.99,19.21 -0.98,-0.86,-0.74 0.39 0.21 0.18 0.59 0.1044 134.0
0647-475 2.86,4.16,5.79 -0.37,-0.1,0.15 3.13,6.76,11.55 -0.9,-0.43,-0 2.44 0.94 1.5 0.59 0.8893 80.0
0700-473 10.44,11.85,12.95 -1.14,-1.0,-0.88 5.21,11.4,21.01 -1.43,-0.97,-0.54 4.17 1.04 3.12 0.55 1.709 48.0
0704-427 10.84,11.51,12.15 -0.99,-0.95,-0.91 10.7,11.52,12.31 -1.0,-0.95,-0.91 0.69 0.56 0.14 0.59 0.0824 132.0
0748-440 15.04,16.8,18.55 -0.89,-0.76,-0.62 17.72,22.61,27.93 -1.16,-0.96,-0.77 1.18 0.4 0.78 0.43 0.3377 90.0
0748-454 8.68,9.95,11.22 -0.88,-0.76,-0.64 10.44,12.23,14.22 -1.0,-0.86,-0.74 0.47 0.29 0.18 0.39 0.0699 118.0
0809-492 10.68,12.43,14.12 -0.93,-0.78,-0.65 5.01,10.41,19.24 -1.14,-0.67,-0.25 3.12 0.98 2.14 0.57 1.2296 48.0
0819-474 6.67,8.17,9.52 -0.87,-0.71,-0.56 5.57,10.73,19.0 -1.34,-0.9,-0.48 3.45 0.9 2.55 0.59 1.5069 54.0
1017-421 11.84,13.58,15.39 -1.21,-1.08,-0.96 12.14,13.87,15.73 -1.22,-1.09,-0.97 0.23 0.22 0.01 0.57 0.0031 172.0
1017-426 20.34,22.86,25.35 -0.82,-0.69,-0.58 22.98,26.3,29.72 -0.9,-0.77,-0.65 0.38 0.27 0.1 0.43 0.0455 124.0
1046-409 9.85,11.24,12.76 -0.95,-0.82,-0.7 9.89,11.3,12.84 -0.96,-0.82,-0.7 0.23 0.23 0.01 0.62 0.0055 150.0
1116-462 8.66,9.97,11.27 -0.72,-0.59,-0.47 8.56,9.82,11.15 -0.71,-0.58,-0.46 0.22 0.23 -0 0.6 -0.0018 164.0
1143-483 13.47,15.46,17.58 -0.83,-0.7,-0.57 9.91,11.65,13.51 -0.7,-0.56,-0.44 0.34 0.37 -0.03 0.21 -0.0064 122.0
1215-457 15.08,16.94,18.88 -0.59,-0.47,-0.36 11.28,12.93,14.57 -0.46,-0.33,-0.21 0.36 0.39 -0.03 0.15 -0.0042 122.0
1221-423 9.46,11.52,13.87 -0.96,-0.78,-0.61 6.77,8.6,10.49 -0.78,-0.57,-0.39 0.45 0.53 -0.08 0.27 -0.022 116.0
1232-416 9.42,10.83,12.3 -0.88,-0.75,-0.63 9.2,10.57,11.96 -0.88,-0.74,-0.62 0.22 0.22 -0 0.57 -0.002 164.0
#1243-412 10.88,12.48,14.08 -1.08,-0.96,-0.84 9.54,10.98,12.5 -1.02,-0.89,-0.77 0.27 0.3 -0.02 0.38 -0.0083 140.0
1246-410 35.92,39.93,43.97 -1.2,-1.07,-0.95 22.21,25.52,29.05 -1.0,-0.87,-0.75 0.45 0.55 -0.1 0.0 -0 114.0
#1247-401 17.54,20.99,24.47 -1.43,-1.26,-1.11 12.2,15.43,18.86 -1.25,-1.06,-0.88 0.45 0.48 -0.03 0.26 -0.0078 116.0
1302-491 23.24,27.77,32.51 -1.0,-0.86,-0.73 5.87,12.52,22.24 -0.76,-0.36,0.01 1.92 1.49 0.43 0.14 0.0592 48.0
#1315-460 6.58,14.33,24.36 -1.26,-0.83,-0.41 6.58,14.33,24.36 -1.26,-0.83,-0.41 0.82 0.82 0.0 0.62 0.0 152.0
1320-446 64.3,67.26,69.58 -1.62,-1.54,-1.47 8.01,13.13,19.54 -0.91,-0.65,-0.42 4.76 2.63 2.13 0.0 0.0 28.0
1355-416 38.36,40.82,42.87 -1.19,-1.11,-1.04 21.27,24.41,27.62 -0.96,-0.86,-0.76 0.93 0.67 0.26 0.0 0.0 82.0
1358-493 14.49,17.65,20.95 -1.06,-0.89,-0.74 5.81,12.04,21.16 -1.07,-0.62,-0.2 1.85 0.94 0.91 0.53 0.4795 56.0
1407-425 13.6,15.19,16.86 -1.21,-1.09,-0.98 9.91,11.35,12.85 -1.07,-0.94,-0.82 0.36 0.41 -0.05 0.11 -0.0059 128.0
1416-493 13.75,15.35,16.84 -0.8,-0.68,-0.58 8.12,9.57,11.11 -0.58,-0.44,-0.31 0.49 0.51 -0.02 0.0 -0 100.0
1421-490 15.74,19.74,23.35 -0.58,-0.41,-0.26 9.36,19.63,35.07 -0.85,-0.41,-0.01 2.44 0.93 1.5 0.59 0.891 58.0
1424-418 10.78,12.11,13.54 -0.77,-0.64,-0.53 9.59,10.97,12.44 -0.73,-0.6,-0.47 0.27 0.26 0.01 0.46 0.0056 134.0
1445-468 15.02,18.11,21.43 -1.14,-0.96,-0.81 8.78,18.71,34.59 -1.44,-0.99,-0.56 2.7 1.0 1.7 0.57 0.973 60.0
1459-417 21.58,25.39,29.59 -1.07,-0.91,-0.77 -1,-1,-1 -99,-99,-99 0.48 0 0.47619047619 0 0 120.0
1526-423 51.71,54.98,58.21 -1.19,-1.08,-0.98 41.82,48.0,54.4 -1.16,-1.04,-0.91 0.46 0.24 0.22 0.44 0.0961 130.0
1552-433 8.22,10.22,12.29 -0.93,-0.74,-0.59 5.48,10.41,18.04 -1.23,-0.76,-0.34 2.56 0.89 1.67 0.58 0.9684 60.0
1556-466 18.07,20.76,23.31 -0.63,-0.48,-0.35 9.82,20.57,35.81 -0.92,-0.48,-0.05 3.57 0.91 2.66 0.55 1.4713 52.0
1616-457 10.32,11.52,12.82 -1.07,-0.95,-0.84 9.81,11.31,12.8 -1.08,-0.95,-0.83 0.25 0.22 0.03 0.6 0.0157 172.0
1618-430 17.21,19.09,20.88 -1.29,-1.15,-1.04 11.93,24.66,43.84 -1.78,-1.34,-0.91 5.88 0.94 4.94 0.56 2.7782 46.0
1633-409 8.98,11.81,14.95 -1.04,-0.82,-0.62 3.81,8.44,15.39 -1.06,-0.6,-0.18 1.52 1.02 0.49 0.53 0.2602 70.0
1839-487 17.29,18.67,20.04 -0.83,-0.72,-0.62 15.2,18.06,21.0 -0.85,-0.71,-0.58 0.46 0.23 0.22 0.6 0.135 124.0
1840-404 17.64,18.9,20.23 -0.96,-0.87,-0.78 15.87,18.29,20.79 -0.97,-0.86,-0.76 0.43 0.24 0.2 0.59 0.1159 132.0
1932-464 100.06,101.6,103.0 -0.91,-0.9,-0.89 104.64,106.45,108.11 -0.94,-0.93,-0.92 1.72 1.49 0.23 0.07 0.0164 92.0
1940-406 12.83,14.06,15.22 -1.2,-1.07,-0.96 11.34,13.0,14.67 -1.17,-1.04,-0.92 0.33 0.23 0.09 0.56 0.0524 132.0
1953-425 17.17,18.68,20.21 -0.81,-0.7,-0.6 16.92,19.54,22.19 -0.85,-0.73,-0.61 0.34 0.22 0.13 0.59 0.0739 140.0
2140-434 18.22,19.27,20.27 -0.8,-0.75,-0.69 17.98,20.01,22.06 -0.88,-0.78,-0.69 1.11 0.58 0.53 0.59 0.3123 90.0
2213-456 4.65,5.26,5.88 -0.47,-0.32,-0.19 4.37,5.49,6.77 -0.56,-0.36,-0.19 0.6 0.32 0.29 0.62 0.1767 104.0
2226-411 11.55,12.55,13.44 -0.64,-0.57,-0.5 10.95,12.49,14.09 -0.66,-0.56,-0.48 0.43 0.24 0.19 0.62 0.1166 108.0
2250-412 28.77,29.77,30.71 -0.84,-0.81,-0.79 28.05,29.88,31.64 -0.85,-0.81,-0.77 0.77 0.4 0.37 0.59 0.2199 96.0
2323-407 15.01,16.02,16.91 -0.75,-0.63,-0.53 8.33,20.18,36.67 -1.21,-0.78,-0.37 14.29 0.97 13.31 0.52 6.9237 40.0
2331-416 34.2,35.14,36.03 -0.83,-0.82,-0.8 36.35,38.12,39.98 -0.89,-0.86,-0.84 1.92 0.99 0.93 0.23 0.2179 74.0
cen 1895.99,1950.21,1994.01 -0.87,-0.78,-0.7 956.35,1098.72,1254.34 -0.75,-0.64,-0.53 1.82 0.5 1.32 0.0 0.0 92.0
pic 379.38,388.92,398.08 -0.79,-0.77,-0.75 370.68,392.08,413.4 -0.81,-0.77,-0.74 1.23 0.57 0.66 0.6 0.3928 82.0
#vela 38.94,43.62,48.69 -4.96,-3.8,-2.73 -1,-1,-1 -99,-99,-99 0.35 0 0.34965034965 0 0 138.0
#BADFITS
