median gain error 11.7%
loading specfind subset cache:  specfind_psa64_pic_stripe_perleycorr.vot
Auto-detected table type: vo
#Name Flux_limits SI_limits Catalog_Flux_limits Catalog_SI_limits
0003-428 11.43,12.54,13.68 -0.94,-0.88,-0.83 10.63,12.75,15.12 -0.98,-0.89,-0.82 0.62 0.35 0.27 0.74 0.2 86.0
0007-446 17.96,19.56,21.03 -1.16,-1.11,-1.06 16.92,20.28,24.05 -1.21,-1.12,-1.05 0.95 0.42 0.53 0.75 0.4 72.0
0008-421 13.95,17.73,22.18 -0.8,-0.71,-0.64 13.16,17.45,22.64 -0.81,-0.71,-0.61 10.0 0.41 9.59 0.74 7.1 157.0
0039-445 24.34,26.36,28.23 -0.94,-0.89,-0.83 19.43,23.37,27.74 -0.93,-0.84,-0.76 0.78 0.39 0.4 0.65 0.26 80.0
0043-424 39.29,42.07,44.88 -0.81,-0.76,-0.71 31.78,36.47,41.29 -0.77,-0.71,-0.65 0.58 0.36 0.23 0.43 0.1 100.0
0048-447 13.03,14.35,15.77 -1.12,-1.06,-1.01 11.64,14.0,16.64 -1.14,-1.05,-0.98 0.73 0.45 0.28 0.71 0.2 84.0
0049-433 18.5,20.08,21.66 -0.95,-0.89,-0.84 15.93,19.1,22.62 -0.95,-0.87,-0.79 0.82 0.4 0.42 0.74 0.31 72.0
0103-453 25.02,27.03,28.74 -1.14,-1.09,-1.04 18.89,21.57,24.41 -1.08,-1.01,-0.95 0.78 0.56 0.22 0.16 0.03 82.0
0201-440 12.44,13.78,15.18 -0.8,-0.72,-0.65 9.21,12.77,17.58 -0.86,-0.69,-0.53 1.49 0.51 0.98 0.71 0.7 62.0
0438-436 7.44,8.24,9.13 -0.26,-0.21,-0.16 7.46,8.49,9.56 -0.27,-0.22,-0.16 0.73 0.6 0.13 0.73 0.1 82.0
0511-484 21.55,23.87,26.09 -1.03,-0.97,-0.92 10.22,13.49,17.5 -0.86,-0.75,-0.64 1.23 0.81 0.42 0.0 0.0 58.0
0534-497 15.51,17.47,19.44 -1.03,-0.97,-0.91 14.12,18.81,24.56 -1.12,-1.0,-0.89 1.18 0.46 0.72 0.73 0.53 74.0
0546-445 12.11,13.39,14.66 -1.07,-1.01,-0.96 12.9,14.8,16.67 -1.11,-1.05,-0.99 0.59 0.44 0.15 0.56 0.09 88.0
0547-408 14.84,16.29,17.81 -0.92,-0.86,-0.81 14.91,17.02,19.2 -0.94,-0.88,-0.82 0.58 0.45 0.13 0.69 0.09 88.0
0647-475 6.12,7.9,10.0 -0.78,-0.67,-0.57 7.92,10.68,14.02 -0.91,-0.78,-0.67 1.2 0.85 0.35 0.52 0.18 82.0
0700-473 10.36,12.08,13.87 -1.12,-1.05,-0.98 9.98,13.29,17.74 -1.2,-1.08,-0.97 0.9 0.43 0.47 0.72 0.34 86.0
0704-427 10.29,11.35,12.42 -1.02,-0.96,-0.91 10.0,11.43,12.85 -1.02,-0.96,-0.9 0.64 0.42 0.22 0.74 0.16 84.0
0748-440 16.5,18.74,21.0 -1.0,-0.94,-0.87 19.71,23.69,28.15 -1.11,-1.02,-0.95 1.03 0.57 0.46 0.42 0.19 72.0
0748-454 9.22,10.57,12.0 -0.88,-0.81,-0.75 10.45,12.29,14.13 -0.93,-0.87,-0.8 0.68 0.53 0.15 0.5 0.07 82.0
0809-492 10.54,12.35,14.42 -0.87,-0.78,-0.7 8.9,11.98,15.92 -0.9,-0.77,-0.65 0.68 0.4 0.29 0.75 0.21 92.0
0819-474 7.92,9.52,11.31 -1.01,-0.91,-0.82 9.33,12.44,16.5 -1.14,-1.01,-0.89 0.93 0.46 0.47 0.63 0.29 74.0
1017-421 11.77,13.47,15.29 -1.08,-1.01,-0.95 11.98,13.67,15.57 -1.09,-1.02,-0.96 0.58 0.64 -0.06 0.65 -0.04 94.0
1017-426 21.75,24.4,27.21 -0.87,-0.81,-0.75 23.41,26.79,30.29 -0.91,-0.84,-0.78 0.58 0.5 0.09 0.57 0.05 92.0
1046-409 9.66,10.99,12.46 -0.79,-0.73,-0.67 9.65,11.04,12.46 -0.8,-0.73,-0.67 0.68 0.65 0.03 0.68 0.02 80.0
1116-462 8.48,9.66,10.93 -0.59,-0.53,-0.47 8.4,9.56,10.8 -0.59,-0.53,-0.47 0.63 0.62 0.0 0.71 0.0 96.0
1143-483 12.34,14.27,16.33 -0.76,-0.69,-0.63 10.17,11.86,13.74 -0.7,-0.63,-0.56 0.83 0.85 -0.03 0.38 -0.01 74.0
1215-457 13.85,15.64,17.42 -0.59,-0.53,-0.47 11.74,13.47,15.28 -0.54,-0.47,-0.41 0.65 0.69 -0.04 0.38 -0.02 88.0
1221-423 8.45,10.05,11.82 -0.72,-0.64,-0.57 7.22,8.72,10.39 -0.67,-0.59,-0.51 0.82 0.9 -0.08 0.45 -0.04 82.0
1232-416 9.63,10.97,12.47 -0.91,-0.85,-0.8 9.47,10.88,12.3 -0.91,-0.85,-0.79 0.61 0.58 0.02 0.7 0.01 90.0
1243-412 9.29,10.82,12.29 -0.88,-0.83,-0.78 9.44,10.77,12.22 -0.9,-0.83,-0.77 20.0 0.26 19.74 0.7 13.82 179.0
1246-410 29.12,32.86,36.64 -0.99,-0.93,-0.87 22.15,25.28,28.61 -0.9,-0.84,-0.78 0.65 0.71 -0.06 0.15 -0.01 92.0
1247-401 13.86,16.65,20.57 -1.23,-1.15,-1.04 13.64,16.38,19.24 -1.22,-1.14,-1.06 1.06 0.3 0.76 0.64 0.49 188.0
1302-491 17.87,21.71,25.9 -0.68,-0.59,-0.51 10.58,13.85,17.94 -0.54,-0.42,-0.31 1.1 1.12 -0.02 0.17 -0 70.0
1315-460 11.71,15.88,20.87 -1.03,-0.92,-0.78 11.98,15.92,20.7 -1.03,-0.91,-0.79 11.11 0.41 10.7 0.77 8.23 154.0
1320-446 53.41,59.58,64.78 -1.29,-1.24,-1.2 11.75,15.53,19.85 -0.86,-0.76,-0.66 3.33 3.85 -0.51 0.0 -0 32.0
1355-416 30.77,33.83,36.52 -1.01,-0.96,-0.91 21.07,24.02,27.08 -0.89,-0.83,-0.76 0.83 0.79 0.04 0.0 0.0 74.0
1358-493 13.97,17.03,20.45 -0.96,-0.87,-0.78 11.73,15.95,20.93 -0.97,-0.84,-0.72 0.83 0.62 0.2 0.72 0.14 78.0
1407-425 12.32,13.9,15.51 -1.17,-1.11,-1.06 10.18,11.68,13.21 -1.12,-1.05,-0.99 0.58 0.66 -0.08 0.32 -0.03 88.0
1416-493 12.13,13.75,15.35 -0.83,-0.77,-0.72 8.81,10.26,11.97 -0.74,-0.67,-0.61 0.67 0.7 -0.03 0.16 -0 86.0
1421-490 15.35,18.8,22.82 -0.44,-0.35,-0.27 13.34,17.85,23.29 -0.45,-0.33,-0.22 1.0 0.79 0.21 0.7 0.15 78.0
1424-418 10.06,11.39,12.8 -0.55,-0.49,-0.44 9.21,10.56,11.87 -0.53,-0.47,-0.41 0.6 0.6 -0.01 0.55 -0 90.0
1445-468 15.41,18.58,22.18 -1.08,-0.99,-0.92 14.37,19.24,25.28 -1.12,-1.01,-0.89 0.83 0.54 0.29 0.7 0.2 84.0
1459-417 18.44,24.01,30.85 -4.19,-1.71,0.56 -1,-1,-1 -99,-99,-99 0.6 0 0.602409638554 0 0 76.0
1526-423 48.73,53.09,57.62 -1.13,-1.07,-1.01 42.17,48.09,54.63 -1.11,-1.04,-0.97 0.66 0.47 0.2 0.55 0.11 82.0
1552-433 8.61,10.59,12.85 -0.88,-0.79,-0.7 8.24,11.24,14.67 -0.94,-0.81,-0.69 0.99 0.58 0.41 0.75 0.31 78.0
1556-466 18.8,22.0,25.26 -0.66,-0.58,-0.5 18.84,25.32,33.33 -0.76,-0.63,-0.51 0.77 0.4 0.36 0.71 0.26 78.0
1616-457 10.44,11.73,13.15 -1.15,-1.08,-1.02 10.29,11.69,13.18 -1.15,-1.08,-1.02 0.59 0.53 0.06 0.73 0.04 96.0
1618-430 16.34,18.67,21.14 -1.16,-1.08,-1.01 12.36,16.8,22.21 -1.17,-1.04,-0.92 0.76 0.42 0.34 0.68 0.23 88.0
1633-409 7.4,9.22,11.32 -0.69,-0.58,-0.49 5.4,7.31,9.71 -0.61,-0.49,-0.37 1.37 1.22 0.15 0.48 0.07 62.0
1839-487 16.84,18.69,20.62 -0.82,-0.76,-0.71 15.51,18.25,21.27 -0.83,-0.75,-0.69 0.66 0.47 0.19 0.7 0.13 80.0
1840-404 17.16,18.91,20.52 -0.94,-0.89,-0.84 16.15,18.32,20.7 -0.94,-0.88,-0.82 0.58 0.47 0.11 0.69 0.08 98.0
1932-464 81.12,86.98,92.71 -0.94,-0.89,-0.84 81.47,93.27,105.39 -0.98,-0.91,-0.85 0.59 0.32 0.27 0.67 0.18 94.0
1940-406 12.48,13.87,15.3 -1.2,-1.13,-1.06 11.57,13.22,14.93 -1.19,-1.11,-1.03 0.61 0.5 0.11 0.67 0.07 92.0
1953-425 17.45,19.42,21.32 -0.89,-0.84,-0.78 17.74,20.18,22.83 -0.92,-0.85,-0.79 0.6 0.47 0.13 0.7 0.09 92.0
2140-434 17.58,19.18,20.76 -0.92,-0.86,-0.81 17.12,19.61,22.1 -0.94,-0.87,-0.81 0.58 0.39 0.19 0.75 0.14 78.0
2213-456 5.19,5.96,6.75 -0.65,-0.58,-0.51 5.48,6.61,7.85 -0.71,-0.62,-0.54 0.85 0.58 0.27 0.68 0.18 76.0
2226-411 11.77,12.93,14.16 -0.7,-0.65,-0.6 11.45,13.09,14.72 -0.71,-0.65,-0.59 0.67 0.45 0.22 0.74 0.16 84.0
2250-412 27.66,29.73,31.68 -0.92,-0.87,-0.83 26.01,29.7,33.71 -0.94,-0.87,-0.81 0.56 0.34 0.22 0.72 0.16 88.0
2323-407 15.0,16.49,17.97 -0.8,-0.74,-0.69 16.3,21.69,28.52 -0.96,-0.84,-0.73 2.17 0.58 1.6 0.68 1.08 52.0
2331-416 31.59,33.78,36.0 -0.91,-0.86,-0.81 29.38,33.45,37.44 -0.92,-0.86,-0.8 0.61 0.36 0.25 0.7 0.17 88.0
cen 1672.41,1787.63,1899.77 -0.94,-0.84,-0.75 954.46,1097.09,1253.42 -0.75,-0.63,-0.53 1.22 0.93 0.29 0.0 0.0 60.0
pic 372.47,389.29,406.3 -0.79,-0.76,-0.73 368.68,389.9,410.86 -0.79,-0.76,-0.73 1.32 1.06 0.25 0.72 0.18 74.0
vela 38.82,43.62,48.62 -4.96,-3.8,-2.73 -1,-1,-1 -99,-99,-99 0.48 0 0.48309178744 0 0 104.0
