#using gain tracefile  2250-412_0039-445_2331-416_1932-464_0103-453_gain_mcmc_chain.npz
#gain [dB] 0.15,0.26,0.32
#gain [x] 1.04,1.06,1.08
#gain error [mult,%] 1.89789101301
#GAIN MODEL: 1.0 +/- [ 0.  0.  0.  0.  0.]
#ASSUMING CALIBRATED INPUT FROM fit_calibrators, clearing input cal
#USING LIST OF CAL SOURCES to MARK PLOTS THAT ARE CALIBRATORS
#loading specfind subset cache:  specfind_psa64_pic_stripe_final_cal.vot
# Auto-detected table type: vo
#Name Flux_limits SI_limits Catalog_Flux_limits Catalog_SI_limits
0003-428 11.65,12.27,12.74 -0.97,-0.86,-0.75 9.99,12.52,15.34 -1.06,-0.86,-0.68 1.3 0.31 0.99 0.57 0.5621 96.0 0
0007-446 18.27,19.2,19.95 -1.13,-1.02,-0.91 14.44,18.13,22.32 -1.17,-0.98,-0.79 1.47 0.31 1.16 0.59 0.681 90.0 0
0008-421 3.76,5.72,8.19 -0.26,-0.04,0.17 6.08,9.64,14.49 -0.57,-0.32,-0.09 1.67 0.92 0.75 0.42 0.3157 108.0 0
0039-445 22.74,23.56,24.32 -0.84,-0.81,-0.79 19.59,20.83,22.01 -0.77,-0.73,-0.69 1.22 0.78 0.44 0.1 0.0451 74.0 1
0043-424 36.49,37.47,38.37 -0.69,-0.68,-0.67 31.2,32.38,33.55 -0.62,-0.6,-0.58 2.44 1.82 0.62 0.0 0.0 62.0 0
0048-447 12.55,13.25,13.87 -1.11,-0.99,-0.88 10.47,13.29,16.48 -1.18,-0.98,-0.81 1.33 0.32 1.01 0.58 0.5902 94.0 0
0049-433 18.17,19.03,19.79 -1.03,-0.91,-0.8 16.67,21.29,26.37 -1.21,-1.01,-0.82 1.85 0.34 1.51 0.6 0.9 84.0 0
0103-453 22.89,23.93,24.85 -1.26,-1.21,-1.18 15.01,16.46,17.95 -0.98,-0.9,-0.82 2.38 1.45 0.93 0.0 0.0 50.0 1
0201-440 10.64,11.73,12.05 -0.73,-0.6,-0.5 4.7,10.37,18.33 -0.96,-0.52,-0.12 7.69 0.93 6.76 0.62 4.1739 36.0 0
0438-436 7.14,7.51,7.86 -0.22,-0.14,-0.07 7.31,8.35,9.44 -0.31,-0.21,-0.12 0.73 0.27 0.46 0.55 0.2515 108.0 0
0546-445 11.53,12.14,12.71 -1.12,-1.01,-0.91 13.13,14.98,16.95 -1.23,-1.09,-0.97 0.89 0.27 0.62 0.31 0.1912 116.0 0
0547-408 16.85,17.53,18.17 -0.96,-0.86,-0.77 14.91,17.02,19.29 -0.99,-0.86,-0.73 0.78 0.22 0.56 0.59 0.3281 122.0 0
0704-427 12.03,12.53,12.97 -1.1,-0.99,-0.89 9.85,11.25,12.72 -1.07,-0.94,-0.82 0.75 0.23 0.52 0.55 0.2847 124.0 0
1017-421 11.98,13.59,15.32 -1.2,-1.08,-0.96 12.13,13.87,15.75 -1.22,-1.09,-0.97 0.24 0.22 0.02 0.58 0.0096 174.0 0
1017-426 25.08,27.88,30.76 -0.92,-0.8,-0.69 23.07,26.35,29.86 -0.9,-0.77,-0.66 0.3 0.22 0.08 0.6 0.0477 140.0 0
1046-409 10.18,11.47,12.82 -0.96,-0.83,-0.71 9.83,11.29,12.78 -0.95,-0.82,-0.7 0.24 0.21 0.02 0.6 0.0127 168.0 0
1215-457 12.13,13.36,14.59 -0.46,-0.35,-0.24 11.25,12.93,14.72 -0.46,-0.33,-0.21 0.33 0.23 0.1 0.61 0.0582 146.0 0
1221-423 10.72,11.96,13.21 -0.94,-0.8,-0.68 6.79,8.59,10.54 -0.76,-0.57,-0.4 0.63 0.45 0.18 0.22 0.039 92.0 0
1424-418 14.08,14.44,14.75 -0.73,-0.62,-0.53 9.54,10.94,12.4 -0.73,-0.6,-0.48 1.2 0.29 0.92 0.0 0.0 116.0 0
1459-417 25.74,26.17,26.58 -1.25,-1.15,-1.06 -1,-1,-1 -99,-99,-99 0.37 0 0.37037037037 0 0 116.0 0
1526-423 55.05,55.96,56.37 -0.67,-0.58,-0.52 41.61,48.01,54.18 -1.16,-1.03,-0.91 3.85 0.34 3.5 0.0 0.0 62.0 0
1840-404 18.94,19.41,19.82 -0.82,-0.74,-0.66 15.96,18.26,20.72 -0.97,-0.86,-0.76 1.45 0.27 1.18 0.24 0.2872 98.0 0
1932-464 98.95,100.23,101.34 -0.9,-0.89,-0.88 104.64,106.44,108.22 -0.94,-0.93,-0.92 2.5 1.89 0.61 0.0 0.0 68.0 1
1940-406 16.15,16.67,17.18 -1.22,-1.11,-1.01 11.35,13.0,14.77 -1.17,-1.04,-0.92 1.03 0.3 0.74 0.04 0.0323 110.0 0
1953-425 20.43,21.09,21.66 -0.79,-0.69,-0.6 16.97,19.54,22.18 -0.86,-0.73,-0.62 0.96 0.23 0.73 0.48 0.3505 110.0 0
2140-434 21.91,22.72,23.4 -1.13,-1.02,-0.93 17.48,20.06,22.78 -1.11,-0.98,-0.86 0.78 0.24 0.54 0.53 0.2894 118.0 0
2213-456 5.56,6.06,6.49 -0.54,-0.42,-0.3 4.44,5.52,6.81 -0.56,-0.37,-0.19 0.76 0.31 0.45 0.58 0.2592 102.0 0
2226-411 13.12,13.74,14.35 -0.68,-0.61,-0.55 10.93,12.46,14.08 -0.66,-0.56,-0.48 0.69 0.27 0.42 0.54 0.2282 110.0 0
2250-412 31.32,32.29,33.28 -0.89,-0.86,-0.84 28.08,29.88,31.72 -0.85,-0.81,-0.77 0.99 0.54 0.45 0.37 0.1645 84.0 1
2323-407 15.7,16.53,17.19 -0.77,-0.65,-0.55 10.53,20.47,35.53 -1.23,-0.79,-0.38 8.33 0.88 7.45 0.55 4.1094 36.0 0
2331-416 34.84,35.93,36.92 -0.85,-0.83,-0.81 36.21,38.14,39.85 -0.89,-0.86,-0.84 1.54 0.88 0.66 0.38 0.2504 88.0 1
pic 376.34,382.52,388.13 -0.77,-0.76,-0.75 370.44,392.17,413.23 -0.81,-0.77,-0.74 2.17 0.59 1.59 0.6 0.9461 56.0 0
