using gain tracefile  2250-412_2331-416_1932-464_0043-424_gain_mcmc_chain.npz
gain [dB] 0.05,0.14,0.19
gain [x] 1.01,1.03,1.05
gain error [mult,%] 1.61760370764
GAIN MODEL: 1.03163232256 +/- [ 0.01617604  0.01617604  0.01617604  0.01617604  0.01617604]
loading specfind subset cache:  specfind_psa64_pic_stripe_perleycorr.vot
Auto-detected table type: vo
MCMC on  1459-417
using specfind catalog
not enough data found in specfind table
#Name Flux_limits SI_limits Catalog_Flux_limits Catalog_SI_limits
0003-428 10.8,11.29,11.73 -0.82,-0.79,-0.76 9.01,9.64,10.25 -0.73,-0.69,-0.64 1.47 1.08 0.4 0.01 0.0 62.0
0007-446 19.2,19.97,20.55 -1.17,-1.12,-1.08 16.16,19.66,22.81 -1.2,-1.12,-1.05 1.37 0.29 1.08 0.71 0.76 66.0
0008-421 1.65,2.32,2.86 -0.2,-0.11,-0.03 11.85,15.35,18.87 -0.77,-0.68,-0.59 16.67 2.94 13.73 0.0 0.0 26.0
0039-445 24.35,25.02,25.62 -0.87,-0.85,-0.82 18.71,19.81,20.84 -0.73,-0.69,-0.66 2.5 1.61 0.89 0.0 0.0 44.0
0043-424 38.71,39.82,40.73 -0.75,-0.73,-0.71 27.28,28.74,30.12 -0.55,-0.51,-0.48 4.76 3.33 1.43 0.0 0.0 34.0
0048-447 12.64,13.3,13.86 -1.02,-0.98,-0.95 10.58,11.41,12.22 -0.93,-0.88,-0.83 1.22 0.91 0.31 0.09 0.03 68.0
0049-433 19.45,20.09,20.67 -0.99,-0.97,-0.95 17.74,18.95,20.08 -0.98,-0.93,-0.89 1.18 0.65 0.53 0.53 0.28 58.0
0103-453 28.71,29.77,30.61 -1.19,-1.14,-1.1 18.1,20.92,23.54 -1.09,-1.01,-0.94 1.89 0.59 1.3 0.0 0.0 48.0
0201-440 13.37,14.1,14.73 -0.81,-0.74,-0.68 8.9,12.63,17.03 -0.86,-0.69,-0.54 2.5 0.49 2.01 0.7 1.41 52.0
0438-436 7.33,8.03,8.63 -0.27,-0.22,-0.18 7.28,8.3,9.3 -0.29,-0.23,-0.18 0.74 0.46 0.28 0.74 0.21 68.0
0511-484 23.46,24.68,25.44 -1.1,-1.04,-0.99 9.33,12.58,16.15 -0.87,-0.74,-0.62 2.7 1.0 1.7 0.0 0.0 38.0
0534-497 16.33,17.41,18.44 -1.03,-0.97,-0.93 13.35,18.45,23.52 -1.12,-1.0,-0.88 1.52 0.36 1.15 0.71 0.82 58.0
0546-445 11.6,12.51,13.35 -1.05,-1.0,-0.95 12.4,14.4,16.23 -1.12,-1.05,-0.98 0.77 0.38 0.38 0.55 0.21 68.0
0547-408 14.46,15.51,16.52 -0.91,-0.85,-0.81 14.41,16.7,18.64 -0.94,-0.88,-0.82 0.75 0.37 0.38 0.69 0.26 74.0
0647-475 3.36,4.25,5.03 -0.57,-0.49,-0.42 7.47,10.12,12.89 -0.88,-0.78,-0.66 3.03 0.92 2.11 0.0 0.0 48.0
0700-473 10.89,12.07,13.12 -1.11,-1.05,-1.0 9.44,12.94,16.89 -1.2,-1.08,-0.97 1.02 0.32 0.7 0.72 0.5 72.0
0704-427 10.64,11.47,12.22 -1.03,-0.97,-0.93 9.71,11.2,12.56 -1.03,-0.97,-0.91 0.53 0.31 0.22 0.71 0.16 86.0
0748-440 15.33,16.9,18.39 -0.97,-0.91,-0.86 19.01,23.08,27.26 -1.11,-1.02,-0.94 1.06 0.37 0.7 0.32 0.22 64.0
0748-454 7.28,8.39,9.35 -0.8,-0.74,-0.68 9.87,11.77,13.54 -0.93,-0.86,-0.78 1.01 0.6 0.41 0.18 0.07 68.0
0809-492 11.01,12.44,13.69 -0.87,-0.79,-0.73 8.34,11.63,15.3 -0.9,-0.77,-0.66 1.05 0.47 0.58 0.71 0.41 60.0
0819-474 7.17,8.37,9.35 -0.95,-0.88,-0.82 8.85,12.24,15.81 -1.16,-1.02,-0.91 1.72 0.53 1.2 0.57 0.68 54.0
1017-421 9.56,11.12,12.6 -1.02,-0.95,-0.89 11.54,13.38,14.99 -1.09,-1.02,-0.96 0.83 0.68 0.15 0.39 0.06 68.0
1017-426 18.77,21.01,23.21 -0.83,-0.77,-0.71 23.08,26.32,29.43 -0.9,-0.84,-0.78 0.82 0.52 0.3 0.27 0.08 76.0
1046-409 9.17,10.6,11.9 -0.8,-0.73,-0.66 9.29,10.78,12.17 -0.8,-0.73,-0.66 0.81 0.74 0.08 0.71 0.06 72.0
1116-462 8.11,9.43,10.6 -0.63,-0.55,-0.48 8.08,9.37,10.53 -0.62,-0.55,-0.48 0.85 0.85 0.01 0.7 0.01 66.0
1143-483 10.73,12.51,14.13 -0.71,-0.65,-0.59 9.66,11.45,13.07 -0.69,-0.62,-0.56 0.75 0.69 0.06 0.55 0.03 70.0
1215-457 12.67,14.3,15.79 -0.56,-0.5,-0.45 11.31,12.97,14.57 -0.53,-0.47,-0.42 0.68 0.63 0.04 0.52 0.02 76.0
1221-423 7.58,9.07,10.5 -0.69,-0.61,-0.54 7.0,8.52,10.05 -0.67,-0.59,-0.51 0.88 0.87 0.01 0.62 0.0 70.0
1232-416 9.37,10.61,11.75 -0.91,-0.85,-0.79 9.19,10.5,11.76 -0.9,-0.84,-0.79 0.74 0.73 0.01 0.68 0.0 74.0
1243-412 9.21,10.65,11.99 -0.91,-0.84,-0.78 9.12,10.61,11.93 -0.91,-0.84,-0.78 0.68 0.68 0.0 0.7 0.0 80.0
1246-410 25.02,28.15,31.02 -0.94,-0.88,-0.82 21.55,24.94,28.13 -0.91,-0.84,-0.77 0.71 0.63 0.08 0.47 0.04 72.0
1247-401 13.54,16.02,18.29 -1.21,-1.14,-1.07 13.08,15.77,18.45 -1.21,-1.13,-1.06 0.83 0.72 0.11 0.73 0.08 74.0
1302-491 16.12,19.58,23.12 -0.68,-0.59,-0.49 10.07,13.3,16.79 -0.54,-0.42,-0.31 0.93 1.09 -0.15 0.24 -0.04 76.0
1315-460 0.0,0.0,0.0 -2725.02,47.03,142.72 11.39,15.76,20.51 -1.05,-0.92,-0.8 33.33 5.0 28.33 0.0 0.0 8.0
1320-446 64.7,67.79,69.35 -1.64,-1.54,-1.48 11.32,15.2,19.09 -0.86,-0.76,-0.66 5.0 6.25 -1.25 0.0 -0 32.0
1355-416 32.74,34.57,36.08 -1.04,-0.99,-0.95 19.42,22.45,25.19 -0.89,-0.82,-0.76 1.47 0.83 0.64 0.0 0.0 50.0
1358-493 13.46,15.87,18.06 -0.94,-0.85,-0.78 11.25,15.63,20.44 -0.98,-0.84,-0.73 0.93 0.5 0.43 0.71 0.31 66.0
1407-425 11.12,12.54,13.84 -1.14,-1.08,-1.03 9.69,11.16,12.5 -1.11,-1.05,-0.99 0.62 0.62 0.0 0.46 0.0 84.0
1416-493 10.63,11.87,12.99 -0.78,-0.73,-0.68 7.75,9.08,10.38 -0.71,-0.65,-0.59 0.83 0.68 0.16 0.16 0.03 64.0
1421-490 57.75,18.4,57.75 -5.85,-0.35,-1.97 99.39,17.54,99.39 -10.38,-0.33,-3.31 100.0 100.0 0.0 0.33 0.0 3.0
1424-418 9.46,10.8,12.04 -0.56,-0.49,-0.43 8.62,10.13,11.5 -0.55,-0.47,-0.4 0.71 0.57 0.14 0.67 0.1 70.0
1445-468 15.6,18.2,20.46 -1.06,-0.99,-0.93 13.88,18.95,24.4 -1.12,-1.01,-0.9 1.06 0.55 0.51 0.71 0.36 68.0
1526-423 52.61,55.66,58.28 -1.14,-1.08,-1.03 40.47,46.7,52.61 -1.11,-1.04,-0.97 0.85 0.39 0.45 0.29 0.13 66.0
1552-433 8.56,10.15,11.61 -0.87,-0.78,-0.71 7.88,10.94,14.31 -0.94,-0.81,-0.7 1.12 0.58 0.55 0.71 0.39 60.0
1556-466 18.95,21.34,23.23 -0.65,-0.58,-0.52 17.77,24.67,31.87 -0.78,-0.63,-0.51 2.04 0.65 1.39 0.71 0.99 56.0
1616-457 10.0,11.17,12.21 -1.15,-1.09,-1.03 9.68,11.11,12.38 -1.15,-1.09,-1.03 0.59 0.51 0.08 0.72 0.06 82.0
1618-430 17.53,19.18,20.58 -1.18,-1.1,-1.04 11.48,16.24,21.85 -1.2,-1.04,-0.92 1.25 0.49 0.76 0.66 0.5 54.0
1633-409 6.85,8.71,10.48 -0.69,-0.57,-0.47 5.31,7.35,9.79 -0.65,-0.5,-0.38 1.06 1.03 0.03 0.55 0.02 66.0
1839-487 17.69,19.03,20.24 -0.82,-0.77,-0.73 15.04,17.87,20.34 -0.82,-0.75,-0.68 0.78 0.36 0.41 0.71 0.29 72.0
1840-404 17.53,18.83,19.9 -0.94,-0.89,-0.85 15.61,17.92,20.1 -0.94,-0.88,-0.82 0.92 0.49 0.43 0.7 0.3 70.0
1932-464 94.62,96.03,97.46 -0.87,-0.86,-0.85 101.62,103.65,105.67 -0.92,-0.91,-0.9 2.78 2.33 0.45 0.0 0.0 56.0
1940-406 13.05,14.16,15.25 -1.22,-1.15,-1.09 11.24,12.88,14.44 -1.19,-1.12,-1.04 0.56 0.36 0.2 0.61 0.12 74.0
1953-425 17.37,18.8,20.17 -0.89,-0.84,-0.79 16.89,19.34,21.54 -0.91,-0.85,-0.79 0.6 0.38 0.22 0.71 0.15 82.0
2140-434 18.34,19.29,20.18 -0.94,-0.89,-0.84 15.82,18.37,20.67 -0.95,-0.87,-0.8 0.78 0.33 0.45 0.71 0.32 70.0
2213-456 4.77,5.31,5.82 -0.61,-0.56,-0.51 5.1,6.08,7.08 -0.68,-0.6,-0.53 0.76 0.43 0.34 0.62 0.21 72.0
2226-411 11.9,12.83,13.62 -0.71,-0.66,-0.62 11.12,12.68,14.17 -0.72,-0.66,-0.6 0.71 0.45 0.26 0.7 0.18 78.0
2250-412 29.53,30.34,31.11 -0.84,-0.82,-0.8 27.31,29.16,30.76 -0.84,-0.8,-0.76 0.65 0.29 0.36 0.67 0.24 84.0
2323-407 15.76,16.48,17.12 -0.8,-0.75,-0.71 15.47,21.5,27.64 -0.96,-0.84,-0.73 3.33 0.34 2.99 0.68 2.02 52.0
2331-416 34.17,34.96,35.65 -0.81,-0.8,-0.78 32.86,34.71,36.4 -0.83,-0.79,-0.77 1.02 0.44 0.58 0.7 0.41 68.0
cen 0.0,1984.66,0.0 -12.4,-0.74,3.0 -1,-1,-1 -99,-99,-99 50.0 0 50.0 0 0 6.0
pic 391.86,399.51,406.58 -0.79,-0.78,-0.76 367.95,390.23,411.32 -0.8,-0.76,-0.73 1.69 0.6 1.09 0.7 0.76 56.0
vela 38.82,43.62,48.62 -4.96,-3.8,-2.73 -1,-1,-1 -99,-99,-99 0.48 0 0.48309178744 0 0 104.0
BADFITS

