Title:
Authors:
Table:
================================================================================
Byte-by-byte Description of file: datafile.txt
--------------------------------------------------------------------------------
   Bytes Format Units Label   Explanations
--------------------------------------------------------------------------------
   1- 11 A11    --      Name    Molonglo Reference Catalog (MRC) Name
  13- 18 F6.2   deg     RAdeg   J2000 RA in MRC
  20- 25 F6.2   deg     DEdeg   J2000 Dec in MRC
  27- 33 F7.2   Jy      S125    beamformed flux at 125 MHz
  35- 38 F4.1   Jy      RMS125  rms within 10MHz channel
  40- 46 F7.2   Jy      S135    beamformed flux at 135 MHz
  48- 51 F4.1   Jy      RMS135  rms within 10MHz channel
  53- 59 F7.2   Jy      S145    beamformed flux at 145 MHz
  61- 64 F4.1   Jy      RMS145  rms within 10MHz channel
  66- 72 F7.2   Jy      S155    beamformed flux at 155 MHz
  74- 77 F4.1   Jy      RMS155  rms within 10MHz channel
  79- 85 F7.2   Jy      S165    beamformed flux at 165 MHz
  87- 90 F4.1   Jy      RMS165  rms within 10MHz channel
--------------------------------------------------------------------------------
Note (1):   ***ADD LENGTHY NOTES HERE***
Note (2):   ***OR REMOVE THIS SECTION***
--------------------------------------------------------------------------------
0003-428      1.67 -42.50   15.00  1.5   13.47  0.8   13.04  1.4   12.92  1.1   10.43  0.9 
0007-446      2.79 -44.31   23.54  1.7   21.21  1.7   20.27  0.8   18.77  0.9   17.64  1.2 
0039-445     10.69 -44.16   32.00  1.9   30.33  2.0   28.58  1.2   26.04  1.1   24.09  0.6 
0043-424     11.72 -42.06   51.97  2.5   47.50  2.0   45.89  1.2   42.80  1.6   40.74  1.3 
0048-447     12.86 -44.41   17.89  2.0   16.04  1.8   15.17  2.0   14.53  1.0   12.53  1.2 
0049-433     13.21 -43.04   23.56  1.7   21.03  0.9   21.97  1.7   20.23  1.2   18.88  1.4 
0103-453     16.48 -45.02   35.55  2.1   32.66  2.5   30.90  1.4   28.25  1.5   27.24  0.6 
0201-440     31.05 -43.77   16.24  3.9   15.04  1.2   13.75  1.2   12.80  0.8   14.09  1.2 
0438-436     70.17 -43.53    8.45  2.2    6.27  1.7    8.06  1.3    5.75  1.9    9.01  1.4 
0511-484     78.30 -48.39   30.10  1.8   23.29  1.4   30.68  2.3   29.38  3.1   23.11  1.7 
0534-497     84.14 -49.74   20.85  1.7   17.29  1.6   17.64  2.8   19.96  3.1   14.68  2.5 
0546-445     87.01 -44.52   12.09  2.2   16.88  1.7   11.98  3.5   11.24  2.0    8.88  1.3 
0547-408     87.46 -40.86   21.83  3.0   13.49  2.3   19.52  2.5   12.60  1.3   14.94  3.4 
0647-475    102.30 -47.60    2.61  3.9    1.46  1.9    3.36  1.7    2.72  1.7    4.45  2.2 
0700-473    105.64 -47.47   15.53  2.1   11.59  3.0   12.36  2.3    9.24  2.4   11.17  2.6 
0704-427    106.58 -42.84   12.78  2.5   13.43  3.0   12.73  1.1   11.64  2.6    7.99  1.6 
0748-440    117.54 -44.25   19.35  4.4   17.87  4.2   15.96  4.0   15.24  3.1   13.42  1.8 
0748-454    117.52 -45.65    9.35  4.0    4.59  2.2    7.52  1.9    7.58  2.5    7.24  2.9 
0809-492    122.78 -49.45   13.14  3.5   11.78  3.7   11.63  2.5   12.36  3.4   14.04  2.5 
0819-474    125.30 -47.65    7.42  2.0    9.87  2.9    8.68  3.4    6.67  2.0    9.70  2.9 
1017-421    155.09 -42.49    5.13  4.6    8.04  5.9    4.46  7.1    4.50  7.7    4.96  7.3 
1017-426    155.17 -42.93   20.01  5.5   17.32  5.4   15.25  5.1   15.96  7.6   13.87  9.4 
1046-409    162.32 -41.31   11.42 10.2    8.37  9.0   10.86 16.1    3.80  7.4   11.79 10.2 
1116-462    169.78 -46.65   10.06 10.2   23.65 27.3   27.46 20.9    5.98 13.0   18.84 22.4 
1143-483    176.56 -48.68   37.71 16.6   26.90 17.9   19.77 13.6   37.43 10.0   19.64 13.1 
1215-457    184.71 -46.09   19.14 14.7   29.05  6.6   41.20  9.9   13.88 11.8   30.21 21.5 
1221-423    186.12 -42.67   15.78 16.7   28.78 22.5   21.58 36.9   33.73 12.0   28.70 22.7 
1232-416    189.12 -41.96    9.68  8.0   19.76 15.5   10.37 10.7   17.01 10.9   22.29 15.9 
1246-410    192.40 -41.39    3.78 15.6   40.61 21.0   58.87 17.7   35.36 16.6   80.64 10.2 
1302-491    196.57 -49.54   21.43  6.2   32.29 11.7   34.94  9.1   34.54 13.0   48.51 18.8 
1320-446    200.98 -44.95   88.02  3.5   81.74  3.2   71.82  4.8   68.61  4.1   56.51  4.7 
1355-416    209.96 -41.95   33.19  2.9   47.15  9.3   54.71  5.9   54.98  2.5   41.55 11.2 
1358-493    210.61 -49.61   12.10 13.4   25.12  4.9   12.16  3.3   24.07 14.6   15.05  7.0 
1407-425    212.84 -42.84   10.40 11.3   42.84 10.8   14.17  9.7   19.17  4.3   23.76  6.3 
1416-493    215.25 -49.66   25.69  4.5   19.49  2.9   23.38  8.4   19.91  5.0   27.52 11.3 
1421-490    216.37 -49.29   22.29  7.2   14.68  7.1   26.32  9.6   16.29  4.9   23.09 11.0 
1424-418    217.21 -42.16   10.00  3.4   22.04  7.3   10.01  8.2   19.93  5.9   18.05  8.9 
1445-468    222.35 -47.08   16.81  6.5   20.43  7.6   19.86  6.3   15.36  5.9   18.36  4.2 
1459-417    225.92 -42.00   34.96  9.1   27.52  6.5   24.47  6.8   22.87  6.8   21.69  9.1 
1526-423    232.79 -42.57   61.86  5.1   58.32  8.4   59.96  6.7   55.85  7.4   57.36  3.8 
1552-433    239.19 -43.51   12.57  4.5    6.63  4.9   10.46  2.4   12.59  5.7    8.04  3.2 
1556-466    240.33 -46.85   21.40  6.1   18.81  3.7   21.64  4.9   23.45  6.3   21.77  3.9 
1616-457    245.21 -45.88    8.21  4.7   11.86  3.8   10.42  3.7   14.23  4.3   12.79  3.6 
1618-430    245.75 -43.17   21.61  2.8   19.97  5.2   21.05  3.1   19.51  2.8   17.55  4.4 
1633-409    249.47 -41.06    4.90  7.7    7.68  4.3   13.47  4.8   10.93  7.3   14.65  4.9 
1839-487    281.07 -48.59   20.20  2.4   19.72  2.8   19.29  3.4   19.82  4.0   18.81  2.1 
1840-404    281.35 -40.35   18.24  4.6   20.07  3.0   17.33  1.8   19.92  2.2   22.91  3.1 
1932-464    294.23 -46.31   86.70  4.8   84.62  3.7   84.03  2.9   85.53  2.2   87.64  2.6 
1940-406    296.20 -40.47   17.40  2.8   14.67  4.2   14.78  3.2   15.13  2.3   14.58  2.6 
1953-425    299.54 -42.33   18.07  4.2   17.58  3.3   18.25  4.5   18.01  3.3   19.03  2.4 
2140-434    326.09 -43.15   22.07  2.4   19.58  1.7   19.80  1.2   18.81  2.3   18.23  2.4 
2213-456    334.43 -45.29    4.46  0.9    5.70  1.5    5.95  1.6    4.61  1.8    6.58  1.8 
2226-411    337.52 -40.79   14.10  2.2   12.73  1.8   12.78  2.2   13.12  1.9   11.91  2.1 
2250-412    343.45 -40.89   33.57  1.3   32.30  1.8   31.47  1.4   28.85  1.5   27.92  1.1 
2323-407    351.82 -40.38   18.84  1.4   17.04  1.2   15.97  1.4   15.24  0.9   15.20  1.2 
2331-416    353.78 -41.35   39.30  1.6   36.79  1.7   34.65  1.1   33.16  1.0   31.58  0.7 
Centaurus A 201.54 -43.08 2010.62 25.7 2039.84 35.5 2119.95 40.8 2073.95 21.2 2041.66 33.2 
Pictor A     80.10 -45.79  459.89 15.3  417.18 14.8  397.74  8.9  375.68  6.4  360.23  5.4 
